ros2 action send_goal /joint_trajectory_controller/follow_joint_trajectory control_msgs/action/FollowJointTrajectory "{
  trajectory: {
    joint_names: [joint0, joint11, joint21, joint3, joint4],
    points: [
      { positions: [0.0, 0.6, 0.7, 0.0, 0.0], time_from_start: { sec: 1 } },
      { positions: [0.5, 1.1, 1.2, -0.1, 0.5], time_from_start: { sec: 3 } },
      { positions: [-0.5, 0.4, 0.3, 0.1, -0.5], time_from_start: { sec: 5 } },
      { positions: [0.0, 0.6, 0.7, 0.0, 0.0], time_from_start: { sec: 7 } }
    ]
  }
}"


## example position trajectory
ros2 action send_goal /follow_5dof_trajectory forbal_interfaces/action/Follow5DOFTrajectory "{
   type: 'trapezoidal_waypoints', 
   dt: 0.01, 
   x: [0.22, 0.32, 0.42, 0.32, 0.22], 
   y: [0.0, 0.0, 0.0, 0.0, 0.0], 
   z: [0.22, 0.32, 0.22, 0.12, 0.22], 
   pitch: [0.0, 0.0, 0.0, 0.0, 0.0], 
   yaw: [0.0, 0.0, 0.0, 0.0, 0.0], 
   time: [0.0, 1.0, 2.0, 3.0, 4.0], 
   acc_time: 0.25
}"

ros2 action send_goal /follow_5dof_trajectory forbal_interfaces/action/Follow5DOFTrajectory "{
   type: 'joint_trajectory', 
   dt: 0.01, 
   x: [0.22, 0.32, 0.42, 0.32, 0.22], 
   y: [0.0, 0.0, 0.0, 0.0, 0.0], 
   z: [0.22, 0.32, 0.22, 0.12, 0.22], 
   pitch: [0.0, 0.0, 0.0, 0.0, 0.0], 
   yaw: [0.0, 0.0, 0.0, 0.0, 0.0], 
   time: [0.0, 1.0, 2.0, 3.0, 4.0], 
   acc_time: 0.25
}"

## sideways circle trajectory
ros2 action send_goal /follow_5dof_trajectory forbal_interfaces/action/Follow5DOFTrajectory "{
   type: 'trapezoidal_waypoints', 
   dt: 0.01, 
   x: [0.25,0.250615583,0.252447174,0.255449674,0.25954915,0.264644661,0.270610737,0.277300475,0.28454915,0.292178277,0.3,0.307821723,0.31545085,0.322699525,0.329389263,0.335355339,0.34045085,0.344550326,0.347552826,0.349384417,0.35,0.349384417,0.347552826,0.344550326,0.34045085,0.335355339,0.329389263,0.322699525,0.31545085,0.307821723,0.3,0.292178277,0.28454915,0.277300475,0.270610737,0.264644661,0.25954915,0.255449674,0.252447174,0.250615583,0.25], 
   y: [0.0, 0.0, 0.0, 0.0, 0.0, 0.0, 0.0, 0.0, 0.0, 0.0, 0.0, 0.0, 0.0, 0.0, 0.0, 0.0, 0.0, 0.0, 0.0, 0.0, 0.0, 0.0, 0.0, 0.0, 0.0, 0.0, 0.0, 0.0, 0.0, 0.0, 0.0, 0.0, 0.0, 0.0, 0.0, 0.0, 0.0, 0.0, 0.0, 0.0, 0.0], 
   z: [0.22,0.212178277,0.20454915,0.197300475,0.190610737,0.184644661,0.17954915,0.175449674,0.172447174,0.170615583,0.17,0.170615583,0.172447174,0.175449674,0.17954915,0.184644661,0.190610737,0.197300475,0.20454915,0.212178277,0.22,0.227821723,0.23545085,0.242699525,0.249389263,0.255355339,0.26045085,0.264550326,0.267552826,0.269384417,0.27,0.269384417,0.267552826,0.264550326,0.26045085,0.255355339,0.249389263,0.242699525,0.23545085,0.227821723,0.22], 
   pitch: [0.0, 0.0, 0.0, 0.0, 0.0, 0.0, 0.0, 0.0, 0.0, 0.0, 0.0, 0.0, 0.0, 0.0, 0.0, 0.0, 0.0, 0.0, 0.0, 0.0, 0.0, 0.0, 0.0, 0.0, 0.0, 0.0, 0.0, 0.0, 0.0, 0.0, 0.0, 0.0, 0.0, 0.0, 0.0, 0.0, 0.0, 0.0, 0.0, 0.0, 0.0], 
   yaw: [-1.570796, -1.570796, -1.570796, -1.570796, -1.570796, -1.570796, -1.570796, -1.570796, -1.570796, -1.570796, -1.570796, -1.570796, -1.570796, -1.570796, -1.570796, -1.570796, -1.570796, -1.570796, -1.570796, -1.570796, -1.570796, -1.570796, -1.570796, -1.570796, -1.570796, -1.570796, -1.570796, -1.570796, -1.570796, -1.570796, -1.570796, -1.570796, -1.570796, -1.570796, -1.570796, -1.570796, -1.570796, -1.570796, -1.570796, -1.570796, -1.570796], 
   time: [0,0.2,0.4,0.6,0.8,1.0,1.2,1.4,1.6,1.8,2.0,2.2,2.4,2.6,2.8,3.0,3.2,3.4,3.6,3.8,4.0,4.2,4.4,4.6,4.8,5.0,5.2,5.4,5.6,5.8,6.0,6.2,6.4,6.6,6.8,7.0,7.2,7.4,7.6,7.8,8.0],
   acc_time: 0.25
}"

## forward circle trajectory
ros2 action send_goal /follow_5dof_trajectory forbal_interfaces/action/Follow5DOFTrajectory "{
   type: 'trapezoidal_waypoints', 
   dt: 0.01, 
   x: [0.3, 0.3, 0.3, 0.3, 0.3, 0.3, 0.3, 0.3, 0.3, 0.3, 0.3, 0.3, 0.3, 0.3, 0.3, 0.3, 0.3, 0.3, 0.3, 0.3, 0.3, 0.3, 0.3, 0.3, 0.3, 0.3, 0.3, 0.3, 0.3, 0.3, 0.3, 0.3, 0.3, 0.3, 0.3, 0.3, 0.3, 0.3, 0.3, 0.3, 0.3], 
   y: [0.0, 0.007821723252011544, 0.01545084971874737, 0.02269952498697734, 0.029389262614623657, 0.035355339059327376, 0.04045084971874738, 0.044550326209418394, 0.04755282581475768, 0.04938441702975689, 0.05, 0.04938441702975689, 0.047552825814757685, 0.0445503262094184, 0.04045084971874738, 0.03535533905932738, 0.029389262614623664, 0.022699524986977346, 0.015450849718747377, 0.00782172325201155, 6.123233995736766e-18, -0.007821723252011538, -0.015450849718747365, -0.022699524986977335, -0.029389262614623653, -0.035355339059327376, -0.04045084971874737, -0.044550326209418394, -0.04755282581475768, -0.049384417029756884, -0.05, -0.04938441702975689, -0.047552825814757685, -0.0445503262094184, -0.04045084971874738, -0.03535533905932738, -0.02938926261462367, -0.02269952498697735, -0.015450849718747382, -0.007821723252011557, 0.0],
   z: [0.25,0.250615583,0.252447174,0.255449674,0.25954915,0.264644661,0.270610737,0.277300475,0.28454915,0.292178277,0.3,0.307821723,0.31545085,0.322699525,0.329389263,0.335355339,0.34045085,0.344550326,0.347552826,0.349384417,0.35,0.349384417,0.347552826,0.344550326,0.34045085,0.335355339,0.329389263,0.322699525,0.31545085,0.307821723,0.3,0.292178277,0.28454915,0.277300475,0.270610737,0.264644661,0.25954915,0.255449674,0.252447174,0.250615583,0.25], 
   pitch: [0.0, 0.0, 0.0, 0.0, 0.0, 0.0, 0.0, 0.0, 0.0, 0.0, 0.0, 0.0, 0.0, 0.0, 0.0, 0.0, 0.0, 0.0, 0.0, 0.0, 0.0, 0.0, 0.0, 0.0, 0.0, 0.0, 0.0, 0.0, 0.0, 0.0, 0.0, 0.0, 0.0, 0.0, 0.0, 0.0, 0.0, 0.0, 0.0, 0.0, 0.0], 
   yaw: [0.0, 0.0, 0.0, 0.0, 0.0, 0.0, 0.0, 0.0, 0.0, 0.0, 0.0, 0.0, 0.0, 0.0, 0.0, 0.0, 0.0, 0.0, 0.0, 0.0, 0.0, 0.0, 0.0, 0.0, 0.0, 0.0, 0.0, 0.0, 0.0, 0.0, 0.0, 0.0, 0.0, 0.0, 0.0, 0.0, 0.0, 0.0, 0.0, 0.0, 0.0], 
   time: [0,0.2,0.4,0.6,0.8,1.0,1.2,1.4,1.6,1.8,2.0,2.2,2.4,2.6,2.8,3.0,3.2,3.4,3.6,3.8,4.0,4.2,4.4,4.6,4.8,5.0,5.2,5.4,5.6,5.8,6.0,6.2,6.4,6.6,6.8,7.0,7.2,7.4,7.6,7.8,8.0],
   acc_time: 0.25
}"